8 0.874883590813889 0.8653555219364599 0.969625637873261 0.8653555219364599 0.969625637873261 0.9757942511346446 0.874883590813889 0.9757942511346446
11 0.39229128860521245 0.8744326777609682 0.49739574706170336 0.8744326777609682 0.49739574706170336 0.9848714069591529 0.39229128860521245 0.9848714069591529
12 0.6365481286801561 0.8774583963691376 0.7298098312542254 0.8774583963691376 0.7298098312542254 0.9833585476550679 0.6365481286801561 0.9833585476550679
7 0.5151598808853356 0.7549167927382754 0.6099019279447077 0.7549167927382754 0.6099019279447077 0.8653555219364599 0.5151598808853356 0.8653555219364599
12 0.15987720441269035 0.6384266263237519 0.24869787353085168 0.6384266263237519 0.24869787353085168 0.7428139183055975 0.15987720441269035 0.7428139183055975
10 0.7638577544161873 0.762481089258699 0.8467570455931379 0.762481089258699 0.8467570455931379 0.859304084720121 0.7638577544161873 0.859304084720121
10 0.8808049687550997 0.7609682299546142 0.9711059823585638 0.7609682299546142 0.9711059823585638 0.859304084720121 0.8808049687550997 0.859304084720121
10 0.6350677841948533 0.5173978819969742 0.7357312091954361 0.5173978819969742 0.7357312091954361 0.6202723146747352 0.6350677841948533 0.6202723146747352
10 0.03996930110317259 0.5264750378214826 0.12878997022133393 0.5264750378214826 0.12878997022133393 0.6217851739788199 0.03996930110317259 0.6217851739788199
7 0.1539558264714796 0.5128593040847201 0.24721752904554897 0.5128593040847201 0.24721752904554897 0.6202723146747353 0.1539558264714796 0.6202723146747353
3 0.5151598808853356 0.26777609682299547 0.6025002055181943 0.26777609682299547 0.6025002055181943 0.3736762481089258 0.5151598808853356 0.3736762481089258
3 0.7638577544161873 0.2586989409984871 0.8467570455931379 0.2586989409984871 0.8467570455931379 0.36762481089258703 0.7638577544161873 0.36762481089258703
3 0.879324624269797 0.14069591527987896 0.969625637873261 0.14069591527987896 0.969625637873261 0.24357034795763996 0.879324624269797 0.24357034795763996
3 0.1554361709567823 0.27987897125567324 0.23981580661903554 0.27987897125567324 0.23981580661903554 0.37367624810892586 0.1554361709567823 0.37367624810892586
0 0.39377163309051516 0.38729198184568836 0.4885136801498873 0.38729198184568836 0.4885136801498873 0.4962178517397882 0.39377163309051516 0.4962178517397882
0 0.7564560319896736 0.13313161875945537 0.8467570455931378 0.13313161875945537 0.8467570455931378 0.24357034795763996 0.7564560319896736 0.24357034795763996
5 0.6350677841948533 0.14069591527987896 0.7253687977983173 0.14069591527987896 0.7253687977983173 0.24357034795763996 0.6350677841948533 0.24357034795763996
4 0.38192887720809365 0.012102874432677761 0.48851368014988716 0.012102874432677761 0.48851368014988716 0.12254160363086233 0.38192887720809365 0.12254160363086233
5 0.032567578676659145 0.028744326777609682 0.1199079033095178 0.028744326777609682 0.1199079033095178 0.13010590015128595 0.032567578676659145 0.13010590015128595
1 0.7490543095631604 0.0045385779122541605 0.8497177345637433 0.0045385779122541605 0.8497177345637433 0.11951588502269286 0.7490543095631604 0.11951588502269286
