1 0.7539465894889168 0.1437216338880484 0.8564099190949155 0.1437216338880484 0.8564099190949155 0.24962178517397876 0.7539465894889168 0.24962178517397876
3 0.39914819443530886 0.26777609682299547 0.48478918634480034 0.26777609682299547 0.48478918634480034 0.3736762481089258 0.39914819443530886 0.3736762481089258
3 0.637719529040321 0.27382753403933435 0.7248898243767676 0.27382753403933435 0.7248898243767676 0.3736762481089259 0.637719529040321 0.3736762481089259
3 0.7661810169045583 0.2723146747352496 0.8472340985331841 0.2723146747352496 0.8472340985331841 0.3721633888048411 0.7661810169045583 0.3721633888048411
3 0.8762908636453333 0.39939485627836613 0.9711076761165561 0.39939485627836613 0.9711076761165561 0.4931921331316187 0.8762908636453333 0.4931921331316187
4 0.1452838255607446 0.8623298033282905 0.2508057620206538 0.8623298033282905 0.2508057620206538 0.9727685325264749 0.1452838255607446 0.9727685325264749
0 0.5199631651647701 0.264750378214826 0.6071334605012169 0.264750378214826 0.6071334605012169 0.37065052950075644 0.5199631651647701 0.37065052950075644
10 0.8793494704992436 0.518910741301059 0.9695783726896009 0.518910741301059 0.9695783726896009 0.6111951588502268 0.8793494704992436 0.6111951588502268
10 0.7600638031967377 0.6399394856278366 0.8533513122410052 0.6399394856278366 0.8533513122410052 0.7337367624810892 0.7600638031967377 0.7337367624810892
10 0.5153752548839045 0.5083207261724659 0.6040748536473065 0.5083207261724659 0.6040748536473065 0.6127080181543116 0.5153752548839045 0.6127080181543116
10 0.15445964612247584 0.5143721633888049 0.23857133460501215 0.5143721633888049 0.23857133460501215 0.6142208774583965 0.15445964612247584 0.6142208774583965
8 0.630073011905545 0.8623298033282905 0.7279484312306782 0.8623298033282905 0.7279484312306782 0.9727685325264749 0.630073011905545 0.9727685325264749
6 0.042820495954745776 0.039334341906202726 0.11775636387555088 0.039334341906202726 0.11775636387555088 0.1210287443267776 0.042820495954745776 0.1210287443267776
6 0.8946425047687957 0.8729198184568836 0.9588732487009144 0.8729198184568836 0.9588732487009144 0.9652042360060513 0.8946425047687957 0.9652042360060513
