11 0.2659544199086732 0.38880484114977265 0.37141910366556075 0.38880484114977265 0.37141910366556075 0.4947049924357031 0.2659544199086732 0.4947049924357031
10 0.8666445752196422 0.6338880484114977 0.9568245222001694 0.6338880484114977 0.9568245222001694 0.7322239031770045 0.8666445752196422 0.7322239031770045
10 0.7550659967522102 0.7594553706505294 0.8421889963774652 0.7594553706505294 0.8421889963774652 0.8487140695915278 0.7550659967522102 0.8487140695915278
10 0.04126878929617345 0.5204236006051437 0.11769247317797611 0.5204236006051437 0.11769247317797611 0.6127080181543116 0.04126878929617345 0.6127080181543116
10 0.15590431511887742 0.6399394856278366 0.23997036738886035 0.6399394856278366 0.23997036738886035 0.7307110438729197 0.15590431511887742 0.7307110438729197
12 0.39740315618537386 0.8623298033282903 0.47841226110008467 0.8623298033282903 0.47841226110008467 0.9636913767019666 0.39740315618537386 0.9636913767019666
12 0.6327881025413262 0.8653555219364598 0.7183826284889451 0.8653555219364598 0.7183826284889451 0.9636913767019665 0.6327881025413262 0.9636913767019665
8 0.860530680509098 0.8562783661119516 0.9537675748448974 0.8562783661119516 0.9537675748448974 0.9636913767019666 0.860530680509098 0.9636913767019666
3 0.7535375230745742 0.16490166414523447 0.8467744174103736 0.16490166414523447 0.8467744174103736 0.2586989409984871 0.7535375230745742 0.2586989409984871
3 0.8697015225749145 0.2783661119515885 0.9568245222001694 0.2783661119515885 0.9568245222001694 0.37821482602118006 0.8697015225749145 0.37821482602118006
3 0.6373735235742343 0.39636913767019666 0.7214395758442173 0.39636913767019666 0.7214395758442173 0.4977307110438729 0.6373735235742343 0.4977307110438729
3 0.042797262973809494 0.2813918305597579 0.12686331524379243 0.2813918305597579 0.12686331524379243 0.37670196671709527 0.042797262973809494 0.37670196671709527
5 0.1559043151188776 0.03630862329803332 0.24302731474413275 0.03630862329803332 0.24302731474413275 0.13918305597579425 0.1559043151188776 0.13918305597579425
5 0.6312596288636901 0.04084720121028743 0.7214395758442173 0.04084720121028743 0.7214395758442173 0.14069591527987896 0.6312596288636901 0.14069591527987896
1 0.7504805757193018 0.03255115689525473 0.8463548940889019 0.03255115689525473 0.8463548940889019 0.14200115577787817 0.7504805757193018 0.14200115577787817
4 0.6266742078307819 0.2723146747352496 0.7321388915876695 0.2723146747352496 0.7321388915876695 0.37518910741301054 0.6266742078307819 0.37518910741301054
6 0.04891115768435357 0.05143721633888047 0.12074942053324812 0.05143721633888047 0.12074942053324812 0.1361573373676247 0.04891115768435357 0.1361573373676247
