8 0.7533131844222838 0.8686563058726449 0.8419462737154171 0.8686563058726449 0.8419462737154171 0.9742813918305607 0.7533131844222838 0.9742813918305607
11 0.516005235669701 0.7582175766744603 0.6113096327590917 0.7582175766744603 0.6113096327590917 0.8599917480401595 0.516005235669701 0.8599917480401595
12 0.41389338164535383 0.8806216476413147 0.48877540792987506 0.8806216476413147 0.48877540792987506 0.9741438591665518 0.41389338164535383 0.9741438591665518
9 0.38530206251853655 0.28097923256773494 0.48877540792987506 0.28097923256773494 0.48877540792987506 0.38687938385366527 0.38530206251853655 0.38687938385366527
10 0.6426239346598916 0.7719708430752306 0.7243134178793693 0.7719708430752306 0.7243134178793693 0.8613670746802367 0.6426239346598916 0.8613670746802367
10 0.7624351767151254 0.7678448631549997 0.8454861513215943 0.7678448631549997 0.8454861513215943 0.861367074680237 0.7624351767151254 0.861367074680237
10 0.8768004532223941 0.7678448631549994 0.9639359019898371 0.7678448631549994 0.9639359019898371 0.8599917480401597 0.8768004532223941 0.8599917480401597
10 0.27910573433321556 0.4157612432952827 0.36624118310065845 0.4157612432952827 0.36624118310065845 0.510658781460597 0.27910573433321556 0.510658781460597
3 0.15657150950399898 0.4088846100948977 0.2518759065933897 0.4088846100948977 0.2518759065933897 0.5134094347407511 0.15657150950399898 0.5134094347407511
3 0.276382751559233 0.2961078256085822 0.3621567089396846 0.2961078256085822 0.3621567089396846 0.38825471049374244 0.276382751559233 0.38825471049374244
3 0.7610736853281342 0.1627011415211114 0.8468476427085857 0.1627011415211114 0.8468476427085857 0.2603493329665797 0.7610736853281342 0.2603493329665797
3 0.8836079101573509 0.28785586576812006 0.9666588847638201 0.28785586576812006 0.9666588847638201 0.3800027506532803 0.8836079101573509 0.3800027506532803
2 0.6290090207899788 0.2754779260074269 0.7270364006533521 0.2754779260074269 0.7270364006533521 0.3841287305735113 0.6290090207899788 0.3841287305735113
5 0.16201747505196415 0.5299133544216753 0.25051441520639833 0.5299133544216753 0.25051441520639833 0.6303121991472975 0.16201747505196415 0.6303121991472975
4 0.2668523118502938 0.1571998349608033 0.3676026744876497 0.1571998349608033 0.3676026744876497 0.2672259661669647 0.2668523118502938 0.2672259661669647
1 0.8746220670032083 0.018154311649016642 0.9734663416987763 0.018154311649016642 0.9734663416987763 0.13464447806354013 0.8746220670032083 0.13464447806354013
6 0.04792449682209361 0.05295007564296518 0.11681596100385315 0.05295007564296518 0.11681596100385315 0.14523449319213308 0.04792449682209361 0.14523449319213308
6 0.8881008317344226 0.8774583963691376 0.9510017338134201 0.8774583963691376 0.9510017338134201 0.966717095310136 0.8881008317344226 0.966717095310136
