8 0.27333503847451535 0.14674735249621784 0.3760244451942228 0.14674735249621784 0.3760244451942228 0.2556732223903177 0.27333503847451535 0.2556732223903177
12 0.6342581003276048 0.14826021180030258 0.7248664003744054 0.14826021180030258 0.7248664003744054 0.2571860816944024 0.6342581003276048 0.2571860816944024
10 0.03926359668694696 0.16187594553706502 0.12232120506318091 0.16187594553706502 0.12232120506318091 0.25416036308623297 0.03926359668694696 0.25416036308623297
10 0.15554424841367448 0.16490166414523447 0.2506829634628152 0.16490166414523447 0.2506829634628152 0.2556732223903177 0.15554424841367448 0.2556732223903177
10 0.1525239717454478 0.38729198184568836 0.24766268679458853 0.38729198184568836 0.24766268679458853 0.4992435703479577 0.1525239717454478 0.4992435703479577
3 0.8713498187833999 0.6399394856278366 0.9664885338325404 0.6399394856278366 0.9664885338325404 0.741301059001513 0.8713498187833999 0.741301059001513
3 0.7565793053907857 0.7655068078668684 0.845677467103473 0.7655068078668684 0.845677467103473 0.8593040847201209 0.7565793053907857 0.8593040847201209
3 0.15705438674778782 0.5219364599092283 0.24766268679458853 0.5219364599092283 0.24766268679458853 0.615733736762481 0.15705438674778782 0.615733736762481
3 0.040773735021060305 0.642965204236006 0.12383134339729426 0.642965204236006 0.12383134339729426 0.7382753403933434 0.040773735021060305 0.7382753403933434
0 0.2748451768086287 0.7488653555219364 0.36696361518954274 0.7488653555219364 0.36696361518954274 0.8562783661119516 0.2748451768086287 0.8562783661119516
5 0.39414610520358295 0.8729198184568836 0.4832442669162702 0.8729198184568836 0.4832442669162702 0.9803328290468988 0.39414610520358295 0.9803328290468988
5 0.7505387520543323 0.875945537065053 0.8426571904352463 0.875945537065053 0.8426571904352463 0.9788199697428138 0.7505387520543323 0.9788199697428138
1 0.15101383341133445 0.8668683812405447 0.24464241012636181 0.8668683812405447 0.24464241012636181 0.9803328290468988 0.15101383341133445 0.9803328290468988
6 0.04228387335517365 0.039334341906202726 0.11628065172672752 0.039334341906202726 0.11628065172672752 0.13010590015128592 0.04228387335517365 0.13010590015128592
6 0.8804106487880798 0.8789712556732225 0.9574277038278604 0.8789712556732225 0.9574277038278604 0.9712556732223906 0.8804106487880798 0.9712556732223906
