8 0.03473295575569232 0.14220877458396372 0.13289130897830104 0.14220877458396372 0.13289130897830104 0.2541603630862332 0.03473295575569232 0.2541603630862332
10 0.15785729955754463 0.15826098860850568 0.23928070183778866 0.15826098860850568 0.23928070183778866 0.2544725147229276 0.15785729955754463 0.2544725147229276
10 0.28381999881159736 0.1603525435240366 0.3582841359396837 0.1603525435240366 0.3582841359396837 0.2523809598073967 0.28381999881159736 0.2523809598073967
12 0.40212750639827677 0.03485924859218187 0.48285498216330497 0.03485924859218187 0.48285498216330497 0.13176795967844745 0.40212750639827677 0.13176795967844745
10 0.6432556613062027 0.521124445175078 0.7220216606498194 0.521124445175078 0.7220216606498194 0.6164721354594773 0.6432556613062027 0.6164721354594773
11 0.5086970790941909 0.8679927667269438 0.6087955365933705 0.8679927667269438 0.6087955365933705 0.9797797139569291 0.5086970790941909 0.9797797139569291
3 0.1509681654085986 0.6427749465724149 0.23957991467016732 0.6427749465724149 0.23957991467016732 0.7397665625513725 0.1509681654085986 0.7397665625513725
3 0.27239908106334093 0.7594936708860759 0.3626517886445684 0.7594936708860759 0.3626517886445684 0.8581292125595922 0.27239908106334093 0.8581292125595922
3 0.03774204135214965 0.7660693736643103 0.12143091565474233 0.7660693736643103 0.12143091565474233 0.8581292125595922 0.03774204135214965 0.8581292125595922
1 0.14440433212996384 0.746342265329607 0.2527075812274367 0.746342265329607 0.2527075812274367 0.8581292125595922 0.14440433212996384 0.8581292125595922
6 0.04228359831127762 0.03177004538577912 0.11476976684489644 0.03177004538577912 0.11476976684489644 0.12708018154311648 0.04228359831127762 0.12708018154311648
6 0.8924859500701814 0.875945537065053 0.9559113475370978 0.875945537065053 0.9559113475370978 0.9727685325264749 0.8924859500701814 0.9727685325264749
