8 0.747813085701531 0.8623298033282906 0.8435696393584343 0.8623298033282906 0.8435696393584343 0.9697428139183057 0.747813085701531 0.9697428139183057
11 0.38454615992375474 0.8577912254160364 0.4924622759497887 0.8577912254160364 0.4924622759497887 0.9682299546142209 0.38454615992375474 0.9682299546142209
7 0.5137415100957672 0.7397881996974282 0.6049382278642464 0.7397881996974282 0.6049382278642464 0.8502269288956127 0.5137415100957672 0.8502269288956127
12 0.6338171884909317 0.8653555219364599 0.7250139062594112 0.8653555219364599 0.7250139062594112 0.9712556732223904 0.6338171884909317 0.9712556732223904
9 0.14743469372570828 0.859304084720121 0.24167130208647036 0.859304084720121 0.24167130208647036 0.9667170953101363 0.14743469372570828 0.9667170953101363
12 0.042558468291957044 0.8608169440242057 0.12311556898744716 0.8608169440242057 0.12311556898744716 0.9621785173978822 0.042558468291957044 0.9621785173978822
9 0.3875860505160374 0.5037821482602118 0.48486254946908214 0.5037821482602118 0.48486254946908214 0.6096822995461422 0.3875860505160374 0.6096822995461422
10 0.6307772978986491 0.75642965204236 0.7280537968516938 0.75642965204236 0.7280537968516938 0.8502269288956126 0.6307772978986491 0.8502269288956126
10 0.7554128121822375 0.7534039334341908 0.8435696393584342 0.7534039334341908 0.8435696393584342 0.854765506807867 0.7554128121822375 0.854765506807867
10 0.878528381169685 0.7594553706505295 0.9666852083458817 0.7594553706505295 0.9666852083458817 0.8517397881996973 0.878528381169685 0.8517397881996973
10 0.0395185776996744 0.7488653555219364 0.12919535017201245 0.7488653555219364 0.12919535017201245 0.8456883509833587 0.0395185776996744 0.8456883509833587
2 0.6292573526025076 0.2632375189107413 0.7295737421478351 0.2632375189107413 0.7295737421478351 0.3691376701966717 0.6292573526025076 0.3691376701966717
2 0.15655436550255625 0.027231467473524958 0.2538308644556009 0.027231467473524958 0.2538308644556009 0.13313161875945537 0.15655436550255625 0.13313161875945537
3 0.39822566758902667 0.39636913767019666 0.4848625494690821 0.39636913767019666 0.4848625494690821 0.49167927382753407 0.39822566758902667 0.49167927382753407
3 0.7599726480706616 0.15128593040847202 0.8496494205429997 0.15128593040847202 0.8496494205429997 0.25113464447806355 0.7599726480706616 0.25113464447806355
3 0.8754884905774021 0.14674735249621784 0.9666852083458815 0.14674735249621784 0.9666852083458815 0.25113464447806355 0.8754884905774021 0.25113464447806355
5 0.05015819477266366 0.03177004538577912 0.141354912541143 0.03177004538577912 0.141354912541143 0.13313161875945534 0.05015819477266366 0.13313161875945534
5 0.639896969675497 0.03177004538577912 0.7265338515555525 0.03177004538577912 0.7265338515555525 0.13313161875945537 0.639896969675497 0.13313161875945537
3 0.047118304180381015 0.27685325264750377 0.12919535017201245 0.27685325264750377 0.12919535017201245 0.37216338880484107 0.047118304180381015 0.37216338880484107
0 0.2811898797861448 0.025718608169440244 0.3693467069623415 0.025718608169440244 0.3693467069623415 0.1361573373676248 0.2811898797861448 0.1361573373676248
4 0.5122215647996259 0.14674735249621784 0.6201376808256597 0.14674735249621784 0.6201376808256597 0.2526475037821482 0.5122215647996259 0.2526475037821482
1 0.7493330309976725 0.0226928895612708 0.8542092564314236 0.0226928895612708 0.8542092564314236 0.13615733736762478 0.7493330309976725 0.13615733736762478
6 0.8861281076503914 0.875945537065053 0.9545256459767508 0.875945537065053 0.9545256459767508 0.9667170953101362 0.8861281076503914 0.9667170953101362
