8 0.6272210638565341 0.8638426626323752 0.7256978009354585 0.8638426626323752 0.7256978009354585 0.9742813918305596 0.6272210638565341 0.9742813918305596
10 0.8787155000888645 0.5173978819969742 0.959011916476295 0.5173978819969742 0.959011916476295 0.6187594553706506 0.8787155000888645 0.6187594553706506
10 0.7620584423184459 0.642965204236006 0.8423548587058767 0.642965204236006 0.8423548587058767 0.7367624810892585 0.7620584423184459 0.7367624810892585
10 0.5166241129832805 0.5143721633888049 0.6014656095435847 0.5143721633888049 0.6014656095435847 0.6142208774583964 0.5166241129832805 0.6142208774583964
10 0.1575627793262791 0.518910741301059 0.24240427588658325 0.518910741301059 0.24240427588658325 0.6187594553706505 0.1575627793262791 0.6187594553706505
3 0.40148208193715346 0.27685325264750377 0.4787484448760019 0.27685325264750377 0.4787484448760019 0.3782148260211801 0.40148208193715346 0.3782148260211801
3 0.6378262509265722 0.28290468986384265 0.719637694038294 0.28290468986384265 0.719637694038294 0.3767019667170953 0.6378262509265722 0.3767019667170953
3 0.7590283888698639 0.2859304084720121 0.8408398319815856 0.2859304084720121 0.8408398319815856 0.3767019667170953 0.7590283888698639 0.3767019667170953
3 0.866595286294535 0.3978819969742814 0.971132130270624 0.3978819969742814 0.971132130270624 0.4947049924357035 0.866595286294535 0.4947049924357035
0 0.5135940595346983 0.2708018154311649 0.6075257164407494 0.2708018154311649 0.6075257164407494 0.3751891074130106 0.5135940595346983 0.3751891074130106
1 0.7484232017998258 0.14826021180030258 0.8514450190516235 0.14826021180030258 0.8514450190516235 0.254160363086233 0.7484232017998258 0.254160363086233
4 0.14847261898053227 0.8683812405446295 0.25452448968091235 0.8683812405446295 0.25452448968091235 0.9757942511346448 0.14847261898053227 0.9757942511346448
6 0.0469658284530255 0.045385779122541596 0.11059695087325361 0.045385779122541596 0.11059695087325361 0.13010590015128592 0.0469658284530255 0.13010590015128592
6 0.88629063371032 0.8774583963691377 0.9529518095791304 0.8774583963691377 0.9529518095791304 0.9712556732223903 0.88629063371032 0.9712556732223903
