8 0.15610527320058334 0.024205748865355523 0.2440092134494555 0.024205748865355523 0.2440092134494555 0.1346444780635401 0.15610527320058334 0.1346444780635401
12 0.641092529746085 0.02723146747352496 0.7214185441114339 0.02723146747352496 0.7214185441114339 0.1331316187594554 0.641092529746085 0.1331316187594554
10 0.27128974663014 0.16187594553706502 0.3622248572324216 0.16187594553706502 0.3622248572324216 0.2556732223903177 0.27128974663014 0.2556732223903177
10 0.3985989014733342 0.2813918305597579 0.48498725654550157 0.2813918305597579 0.48498725654550157 0.3721633888048411 0.3985989014733342 0.3721633888048411
10 0.15762085837728804 0.15582450832072617 0.23946245791934148 0.15582450832072617 0.23946245791934148 0.2571860816944025 0.15762085837728804 0.2571860816944025
10 0.036374044240912624 0.16036308623298035 0.11821564378296603 0.16036308623298035 0.11821564378296603 0.25416036308623297 0.036374044240912624 0.25416036308623297
11 0.26371182074661653 0.6278366111951589 0.37131836829264975 0.6278366111951589 0.37131836829264975 0.7367624810892586 0.26371182074661653 0.7367624810892586
1 0.14852734731705988 0.8653555219364599 0.2440092134494555 0.8653555219364599 0.2440092134494555 0.9757942511346446 0.14852734731705988 0.9757942511346446
3 0.03940521459432201 0.7594553706505295 0.11973122895967074 0.7594553706505295 0.11973122895967074 0.8593040847201211 0.03940521459432201 0.8593040847201211
3 0.27886767251366346 0.75642965204236 0.3637404424091263 0.75642965204236 0.3637404424091263 0.8562783661119515 0.27886767251366346 0.8562783661119515
3 0.7562770031756417 0.5234493192133132 0.8502432841313327 0.5234493192133132 0.8502432841313327 0.6142208774583964 0.7562770031756417 0.6142208774583964
0 0.6395769445693803 0.6278366111951589 0.7259652996415478 0.6278366111951589 0.7259652996415478 0.7352496217851741 0.6395769445693803 0.7352496217851741
5 0.8729770617819032 0.8729198184568836 0.9639121723841846 0.8729198184568836 0.9639121723841846 0.9757942511346446 0.8729770617819032 0.9757942511346446
4 0.7456679069387089 0.6308623298033282 0.8532744544847422 0.6308623298033282 0.8532744544847422 0.7367624810892586 0.7456679069387089 0.7367624810892586
6 0.03788962941761732 0.04236006051437216 0.11518447342955666 0.04236006051437216 0.11518447342955666 0.12859304084720125 0.03788962941761732 0.12859304084720125
6 0.8896484987256547 0.039334341906202726 0.9623965872074798 0.039334341906202726 0.9623965872074798 0.12859304084720122 0.8896484987256547 0.12859304084720122
